0.1 Fe 0 0.215 3.545193
0.1 Fe 0 0.225 3.545479
0.1 Fe 0 0.235 3.545780
0.1 Ni 1 0.215 3.545748
0.1 Ni 1 0.225 3.545472
0.1 Ni 1 0.235 3.545175
0.1 Cr 2 0.215 3.545595
0.1 Cr 2 0.225 3.545511
0.1 Cr 2 0.235 3.545329
0.1 Co 3 0.215 3.545382
0.1 Co 3 0.225 3.545486
0.1 Co 3 0.235 3.545622
0.1 Cu 4 0.09 3.544621
0.1 Cu 4 0.1 3.545415
0.1 Cu 4 0.11 3.546080
0.2 Fe 0 0.19 3.552551
0.2 Fe 0 0.2 3.552997
0.2 Fe 0 0.21 3.553453
0.2 Ni 1 0.19 3.553174
0.2 Ni 1 0.2 3.552887
0.2 Ni 1 0.21 3.552515
0.2 Cr 2 0.19 3.553121
0.2 Cr 2 0.2 3.552934
0.2 Cr 2 0.21 3.552786
0.2 Co 3 0.19 3.552728
0.2 Co 3 0.2 3.552938
0.2 Co 3 0.21 3.552981
0.2 Cu 4 0.19 3.552025
0.2 Cu 4 0.2 3.552745
0.2 Cu 4 0.21 3.553614
0.3 Fe 0 0.165 3.560107
0.3 Fe 0 0.175 3.560635
0.3 Fe 0 0.185 3.561017
0.3 Ni 1 0.165 3.560914
0.3 Ni 1 0.175 3.560477
0.3 Ni 1 0.185 3.560076
0.3 Cr 2 0.165 3.560685
0.3 Cr 2 0.175 3.560523
0.3 Cr 2 0.185 3.560306
0.3 Co 3 0.165 3.560401
0.3 Co 3 0.175 3.560466
0.3 Co 3 0.185 3.560591
0.3 Cu 4 0.29 3.559675
0.3 Cu 4 0.3 3.560429
0.3 Cu 4 0.31 3.561137
0.4 Fe 0 0.14 3.567809
0.4 Fe 0 0.15 3.568368
0.4 Fe 0 0.16 3.568926
0.4 Ni 1 0.14 3.568833
0.4 Ni 1 0.15 3.568446
0.4 Ni 1 0.16 3.567896
0.4 Cr 2 0.14 3.568604
0.4 Cr 2 0.15 3.568412
0.4 Cr 2 0.16 3.568195
0.4 Co 3 0.14 3.568296
0.4 Co 3 0.15 3.568467
0.4 Co 3 0.16 3.568440
0.4 Cu 4 0.39 3.567428
0.4 Cu 4 0.4 3.568201
0.4 Cu 4 0.41 3.569028
0.5 Fe 0 0.115 3.575970
0.5 Fe 0 0.125 3.576543
0.5 Fe 0 0.135 3.577180
0.5 Ni 1 0.115 3.576896
0.5 Ni 1 0.125 3.576483
0.5 Ni 1 0.135 3.576043
0.5 Cr 2 0.115 3.576642
0.5 Cr 2 0.125 3.576520
0.5 Cr 2 0.135 3.576311
0.5 Co 3 0.115 3.576478
0.5 Co 3 0.125 3.576559
0.5 Co 3 0.135 3.576589
0.5 Cu 4 0.49 3.575639
0.5 Cu 4 0.5 3.576518
0.5 Cu 4 0.51 3.577342
0.6 Fe 0 0.09 3.584268
0.6 Fe 0 0.1 3.584965
0.6 Fe 0 0.11 3.585673
0.6 Ni 1 0.09 3.585454
0.6 Ni 1 0.1 3.584977
0.6 Ni 1 0.11 3.584370
0.6 Cr 2 0.09 3.585141
0.6 Cr 2 0.1 3.584977
0.6 Cr 2 0.11 3.584700
0.6 Co 3 0.09 3.584908
0.6 Co 3 0.1 3.584978
0.6 Co 3 0.11 3.584997
0.6 Cu 4 0.59 3.584155
0.6 Cu 4 0.6 3.584815
0.6 Cu 4 0.61 3.585810
0.7 Fe 0 0.065 3.592839
0.7 Fe 0 0.075 3.593643
0.7 Fe 0 0.085 3.594379
0.7 Ni 1 0.065 3.594278
0.7 Ni 1 0.075 3.593626
0.7 Ni 1 0.085 3.593069
0.7 Cr 2 0.065 3.593914
0.7 Cr 2 0.075 3.593612
0.7 Cr 2 0.085 3.593413
0.7 Co 3 0.065 3.593603
0.7 Co 3 0.075 3.593531
0.7 Co 3 0.085 3.593641
0.7 Cu 4 0.69 3.592711
0.7 Cu 4 0.7 3.593558
0.7 Cu 4 0.71 3.594449
0.8 Fe 0 0.04 3.601576
0.8 Fe 0 0.05 3.602437
0.8 Fe 0 0.06 3.603369
0.8 Ni 1 0.04 3.603065
0.8 Ni 1 0.05 3.602439
0.8 Ni 1 0.06 3.601824
0.8 Cr 2 0.04 3.602694
0.8 Cr 2 0.05 3.602437
0.8 Cr 2 0.06 3.602189
0.8 Co 3 0.04 3.602499
0.8 Co 3 0.05 3.602383
0.8 Co 3 0.06 3.602440
0.8 Cu 4 0.79 3.601513
0.8 Cu 4 0.8 3.602373
0.8 Cu 4 0.81 3.603328
0.9 Fe 0 0.015 3.610355
0.9 Fe 0 0.025 3.611300
0.9 Fe 0 0.035 3.612276
0.9 Ni 1 0.015 3.611924
0.9 Ni 1 0.025 3.611310
0.9 Ni 1 0.035 3.610642
0.9 Cr 2 0.015 3.611527
0.9 Cr 2 0.025 3.611300
0.9 Cr 2 0.035 3.611025
0.9 Co 3 0.015 3.611339
0.9 Co 3 0.025 3.611305
0.9 Co 3 0.035 3.611252
0.9 Cu 4 0.89 3.610359
0.9 Cu 4 0.9 3.611298
0.9 Cu 4 0.91 3.612151
