0.1 Fe 0 0.215 3.54527721806009
0.6 Fe 0 0.09 3.58423974173061
0.4 Fe 0 0.14 3.56781288557203
0.1 Fe 0 0.215 3.54503096718669
0.6 Fe 0 0.09 3.58434066385699
0.2 Fe 0 0.19 3.55245842467075
0.1 Fe 0 0.215 3.54514567944855
0.1 Fe 0 0.225 3.54556067941647
0.1 Fe 0 0.225 3.54532583844515
0.1 Fe 0 0.215 3.54514291417209
0.5 Fe 0 0.115 3.57596191680771
0.2 Fe 0 0.19 3.55260076012299
0.1 Fe 0 0.215 3.54537042402129
0.3 Fe 0 0.165 3.56012984791513
0.1 Fe 0 0.225 3.54551823530648
0.2 Fe 0 0.2 3.55289583388484
0.4 Fe 0 0.15 3.56830901573937
0.2 Fe 0 0.19 3.55240005378252
0.6 Fe 0 0.1 3.58490966213529
0.1 Fe 0 0.235 3.54564921893992
0.6 Fe 0 0.09 3.58421850101226
0.5 Fe 0 0.125 3.57661040551704
0.3 Fe 0 0.175 3.56052591705589
0.1 Fe 0 0.235 3.54580403932973
0.2 Fe 0 0.2 3.55311148416979
0.4 Fe 0 0.14 3.56793885512726
0.1 Fe 0 0.225 3.54546424204039
0.3 Fe 0 0.165 3.55986615333543
0.2 Fe 0 0.19 3.55266616695923
0.4 Fe 0 0.16 3.5690279520383
0.6 Fe 0 0.1 3.58496112275754
0.4 Fe 0 0.14 3.56766497528537
0.3 Fe 0 0.185 3.56093365790314
0.6 Fe 0 0.1 3.58501263494873
0.1 Fe 0 0.235 3.54583049292052
0.2 Fe 0 0.21 3.55340472339987
0.1 Fe 0 0.225 3.54552889275072
0.3 Fe 0 0.175 3.56065200852673
0.4 Fe 0 0.15 3.56830458614285
0.5 Fe 0 0.135 3.57717167027677
0.2 Fe 0 0.2 3.55296725475358
0.1 Fe 0 0.235 3.54575282985595
0.6 Fe 0 0.11 3.58577867106559
0.2 Fe 0 0.21 3.55360906701123
0.2 Fe 0 0.2 3.55314570505977
0.3 Fe 0 0.185 3.56104772607007
0.4 Fe 0 0.14 3.56782070944019
0.4 Fe 0 0.15 3.56819352141685
0.1 Fe 0 0.235 3.54586346713672
0.6 Fe 0 0.11 3.58575090335663
0.3 Fe 0 0.165 3.5599515371125
0.6 Fe 0 0.11 3.58562490898514
0.2 Fe 0 0.21 3.55345924879049
0.4 Fe 0 0.16 3.56879801916351
0.4 Fe 0 0.15 3.56857029926202
0.3 Fe 0 0.165 3.56025128545513
0.5 Fe 0 0.115 3.57599059479744
0.2 Fe 0 0.21 3.55336632158202
0.5 Fe 0 0.115 3.57591576071203
0.5 Fe 0 0.115 3.57586437687047
0.3 Fe 0 0.175 3.56059669943349
0.5 Fe 0 0.125 3.57656333614925
0.2 Fe 0 0.19 3.55263359471401
0.4 Fe 0 0.16 3.56888501385479
0.5 Fe 0 0.115 3.57612221310144
0.3 Fe 0 0.175 3.56057065806414
0.5 Fe 0 0.125 3.57652102479763
0.4 Fe 0 0.16 3.56890613968795
0.3 Fe 0 0.185 3.56093310138315
0.5 Fe 0 0.125 3.57650224164954
0.3 Fe 0 0.165 3.56033910220922
0.4 Fe 0 0.14 3.5678096986696
0.3 Fe 0 0.185 3.56089848045889
0.5 Fe 0 0.135 3.57725702914111
0.3 Fe 0 0.175 3.56083111510177
0.2 Fe 0 0.2 3.55286505984737
0.4 Fe 0 0.15 3.5684641520702
0.5 Fe 0 0.125 3.57652079563719
0.5 Fe 0 0.135 3.57710982563001
0.5 Fe 0 0.135 3.57707911665979
0.7 Fe 0 0.065 3.59284933551766
0.8 Fe 0 0.04 3.60160023074515
0.3 Fe 0 0.185 3.56127585219197
0.4 Fe 0 0.16 3.56901605301568
0.7 Fe 0 0.065 3.59288672978789
0.5 Fe 0 0.135 3.57728499120092
0.7 Fe 0 0.065 3.5927601439023
0.7 Fe 0 0.065 3.5927866719173
0.2 Fe 0 0.21 3.55342781558437
0.6 Fe 0 0.09 3.58431333289177
0.8 Fe 0 0.05 3.60243308696315
0.7 Fe 0 0.075 3.59366824535819
0.6 Fe 0 0.09 3.58423026333619
0.7 Fe 0 0.065 3.59291409872855
0.7 Fe 0 0.075 3.59357512243571
0.6 Fe 0 0.1 3.58503290931591
0.7 Fe 0 0.075 3.59352669764747
0.7 Fe 0 0.075 3.59357859852674
0.7 Fe 0 0.085 3.59439007960294
0.8 Fe 0 0.06 3.60340504077348
0.9 Fe 0 0.015 3.61035659977267
0.7 Fe 0 0.075 3.59386953818519
0.7 Fe 0 0.085 3.59434411843665
0.6 Fe 0 0.11 3.5857150917517
0.6 Fe 0 0.1 3.58491266923633
0.9 Fe 0 0.015 3.61038493939862
0.8 Fe 0 0.04 3.60159629421486
0.7 Fe 0 0.085 3.59430237178549
0.8 Fe 0 0.04 3.60154128628462
0.7 Fe 0 0.085 3.59445942114039
0.8 Fe 0 0.04 3.60161445372597
0.7 Fe 0 0.085 3.5943993157672
0.9 Fe 0 0.025 3.61132832682031
0.8 Fe 0 0.05 3.60244742131912
0.1 Ni 1 0.215 3.5455971761642
0.9 Fe 0 0.015 3.61035711450007
0.8 Fe 0 0.05 3.60249307049385
0.1 Ni 1 0.215 3.54575566235033
0.6 Fe 0 0.11 3.58549697314039
0.8 Fe 0 0.05 3.60235037361163
0.9 Fe 0 0.025 3.611286934069
0.1 Ni 1 0.225 3.54546489716508
0.1 Ni 1 0.215 3.54585132496568
0.8 Fe 0 0.04 3.60153178917186
0.3 Ni 1 0.165 3.56097447898853
0.1 Ni 1 0.225 3.54552657877984
0.9 Fe 0 0.015 3.61032883582152
0.8 Fe 0 0.06 3.60331517483111
0.1 Ni 1 0.235 3.54519730870651
0.2 Ni 1 0.19 3.55331174382656
0.8 Fe 0 0.06 3.60333752722695
0.3 Ni 1 0.175 3.56046685742788
0.2 Ni 1 0.19 3.55334229590499
0.1 Ni 1 0.225 3.54542255781816
0.8 Fe 0 0.06 3.60339723973873
0.9 Fe 0 0.015 3.61034778937857
0.9 Fe 0 0.035 3.61222423252947
0.1 Ni 1 0.235 3.54525652794396
0.3 Ni 1 0.185 3.55999669994608
0.9 Fe 0 0.025 3.61126526190078
0.9 Fe 0 0.025 3.61131857002637
0.2 Ni 1 0.19 3.55307246310109
0.8 Fe 0 0.05 3.60246415071935
0.2 Ni 1 0.2 3.55286167893768
0.2 Ni 1 0.2 3.5527924424245
0.2 Ni 1 0.19 3.55307943241387
0.2 Ni 1 0.21 3.55245916980171
0.3 Ni 1 0.165 3.56091653402464
0.1 Ni 1 0.215 3.54576159736856
0.2 Ni 1 0.19 3.55306557269109
0.9 Fe 0 0.035 3.61226949067305
0.8 Fe 0 0.06 3.60339432399081
0.2 Ni 1 0.21 3.55277340980447
0.1 Ni 1 0.215 3.54577753410843
0.9 Fe 0 0.035 3.61226066761919
0.3 Ni 1 0.165 3.56088635023085
0.9 Fe 0 0.025 3.61130122347569
0.3 Ni 1 0.175 3.5604919270252
0.2 Ni 1 0.2 3.55296445368581
0.2 Ni 1 0.2 3.55275189659775
0.1 Ni 1 0.235 3.54518365638035
0.2 Ni 1 0.2 3.55306515210733
0.3 Ni 1 0.165 3.56074375905265
0.3 Ni 1 0.175 3.56042577034162
0.3 Ni 1 0.185 3.56012165851867
0.2 Ni 1 0.21 3.55229073059891
0.2 Ni 1 0.21 3.55237507376517
0.1 Ni 1 0.225 3.54554670518917
0.2 Ni 1 0.21 3.55268051448067
0.3 Ni 1 0.175 3.56054870003167
0.3 Ni 1 0.185 3.56003262103943
0.1 Ni 1 0.225 3.54540187313277
0.3 Ni 1 0.185 3.56014984069488
0.9 Fe 0 0.035 3.61228855117645
0.4 Ni 1 0.14 3.56879253556848
0.4 Ni 1 0.14 3.56865565612383
0.4 Ni 1 0.14 3.56891167580745
0.1 Ni 1 0.235 3.54506537294071
0.4 Ni 1 0.15 3.56837446336419
0.4 Ni 1 0.15 3.56839049196478
0.5 Ni 1 0.115 3.57703422276377
0.4 Ni 1 0.14 3.56880775086157
0.4 Ni 1 0.15 3.56838448368085
0.1 Ni 1 0.235 3.54517596224945
0.4 Ni 1 0.16 3.56782362637855
0.9 Fe 0 0.035 3.61233911604321
0.3 Ni 1 0.165 3.56105012913407
0.4 Ni 1 0.16 3.56795161989105
0.5 Ni 1 0.125 3.57673451165239
0.5 Ni 1 0.115 3.57693368065724
0.4 Ni 1 0.15 3.56847378980264
0.4 Ni 1 0.16 3.56806776498735
0.4 Ni 1 0.14 3.56899775094891
0.5 Ni 1 0.115 3.57697150682773
0.3 Ni 1 0.175 3.560452845214
0.5 Ni 1 0.135 3.57628284023726
0.4 Ni 1 0.16 3.56786063573482
0.4 Ni 1 0.15 3.56861084667281
0.5 Ni 1 0.115 3.57695324235634
0.5 Ni 1 0.125 3.57633545307489
0.5 Ni 1 0.125 3.57644753007235
0.5 Ni 1 0.115 3.57659192636898
0.3 Ni 1 0.185 3.56008361807531
0.4 Ni 1 0.16 3.56778057121081
0.6 Ni 1 0.09 3.58539373863344
0.5 Ni 1 0.125 3.57637709657274
0.5 Ni 1 0.125 3.57652377254342
0.5 Ni 1 0.135 3.57595962679397
0.6 Ni 1 0.09 3.58557455997919
0.6 Ni 1 0.1 3.5850382356089
0.6 Ni 1 0.09 3.58540802687657
0.7 Ni 1 0.065 3.59417398668444
0.5 Ni 1 0.135 3.57597905388126
0.5 Ni 1 0.135 3.57592983592333
0.6 Ni 1 0.09 3.58549144685265
0.5 Ni 1 0.135 3.57606603790929
0.6 Ni 1 0.11 3.58437137105492
0.6 Ni 1 0.1 3.58504979201769
0.6 Ni 1 0.1 3.58488269414088
0.7 Ni 1 0.065 3.59416992667818
0.6 Ni 1 0.1 3.58494999927744
0.7 Ni 1 0.075 3.59365972445607
0.6 Ni 1 0.11 3.58426235681585
0.6 Ni 1 0.09 3.58540521333968
0.7 Ni 1 0.065 3.59440370839187
0.8 Ni 1 0.04 3.60304906679849
0.6 Ni 1 0.11 3.58441962298693
0.6 Ni 1 0.11 3.58458476418603
0.7 Ni 1 0.065 3.59429658857798
0.7 Ni 1 0.085 3.59297127759301
0.7 Ni 1 0.065 3.59434704781711
0.8 Ni 1 0.04 3.6030826868783
0.7 Ni 1 0.075 3.59348146623581
0.7 Ni 1 0.075 3.5936951845663
0.8 Ni 1 0.05 3.60248749203451
0.1 Cr 2 0.215 3.54544503114821
0.9 Ni 1 0.015 3.61196378045194
0.8 Ni 1 0.04 3.60305943511578
0.9 Ni 1 0.015 3.61200739170106
0.6 Ni 1 0.1 3.58496613129337
0.7 Ni 1 0.075 3.59356673096497
0.7 Ni 1 0.085 3.59312192118173
0.7 Ni 1 0.085 3.59300105842232
0.8 Ni 1 0.04 3.6031210083097
0.9 Ni 1 0.025 3.6113265067021
0.9 Ni 1 0.015 3.6119133601779
0.9 Ni 1 0.015 3.61190932188535
0.8 Ni 1 0.05 3.60240225708336
0.9 Ni 1 0.015 3.61182927774951
0.1 Cr 2 0.225 3.54545434446079
0.8 Ni 1 0.05 3.60242571937988
0.7 Ni 1 0.085 3.59319912576033
0.9 Ni 1 0.025 3.61130390811735
0.8 Ni 1 0.04 3.60301702659901
0.8 Ni 1 0.06 3.60188152992341
0.1 Cr 2 0.235 3.5453853442954
0.8 Ni 1 0.05 3.60241622086504
0.7 Ni 1 0.075 3.59372977372793
0.9 Ni 1 0.025 3.61121106150224
0.2 Cr 2 0.19 3.55330134274974
0.8 Ni 1 0.06 3.60183421718727
0.9 Ni 1 0.035 3.61065887286297
0.9 Ni 1 0.025 3.6113384265622
0.3 Cr 2 0.165 3.56073856851038
0.2 Cr 2 0.2 3.5530019935199
0.6 Ni 1 0.11 3.5842159051031
0.7 Ni 1 0.085 3.59305211414526
0.9 Ni 1 0.035 3.61058992487273
0.2 Cr 2 0.21 3.55275953862625
0.8 Ni 1 0.05 3.60246416619993
0.8 Ni 1 0.06 3.60174421394048
0.3 Cr 2 0.175 3.56052858306836
0.9 Ni 1 0.035 3.61063710149709
0.2 Cr 2 0.19 3.5530308732591
0.9 Ni 1 0.035 3.61061689492205
0.3 Cr 2 0.185 3.5604472555141
0.3 Cr 2 0.165 3.56062071739854
0.2 Cr 2 0.19 3.55305006841741
0.2 Cr 2 0.19 3.55298796754647
0.1 Cr 2 0.215 3.54559993162102
0.3 Cr 2 0.165 3.56075384725837
0.2 Cr 2 0.2 3.55288674246203
0.3 Cr 2 0.175 3.56038974106234
0.2 Cr 2 0.2 3.55283872922041
0.2 Cr 2 0.2 3.55305651513921
0.2 Cr 2 0.19 3.5532352858149
0.1 Cr 2 0.215 3.54565745088184
0.2 Cr 2 0.21 3.55255497665147
0.3 Cr 2 0.165 3.56071306415449
0.3 Cr 2 0.175 3.56050791911066
0.3 Cr 2 0.185 3.56028358303246
0.1 Cr 2 0.215 3.54567792835833
0.2 Cr 2 0.21 3.55271800356094
0.1 Cr 2 0.225 3.54538516655499
0.3 Cr 2 0.165 3.56059963715057
0.3 Cr 2 0.185 3.56019562565628
0.8 Ni 1 0.06 3.60178712830807
0.3 Cr 2 0.175 3.56052712744261
0.2 Cr 2 0.21 3.55293989188113
0.1 Cr 2 0.235 3.54528156131642
0.1 Cr 2 0.225 3.54553927137235
0.2 Cr 2 0.2 3.55288898669819
0.3 Cr 2 0.175 3.56066207254925
0.3 Cr 2 0.185 3.56024834920683
0.1 Cr 2 0.235 3.54520799409428
0.3 Cr 2 0.185 3.56035904424513
0.4 Cr 2 0.14 3.56867746698822
0.1 Cr 2 0.225 3.54565531544257
0.5 Cr 2 0.115 3.57673510873731
0.2 Cr 2 0.21 3.55296164295773
0.4 Cr 2 0.15 3.56851217201045
0.1 Cr 2 0.215 3.54559548380084
0.4 Cr 2 0.14 3.56872690254781
0.1 Cr 2 0.235 3.54538580117193
0.4 Cr 2 0.14 3.56845250815607
0.4 Cr 2 0.14 3.568669562526
0.8 Ni 1 0.06 3.60187294950065
0.5 Cr 2 0.125 3.57674342449493
0.1 Cr 2 0.225 3.54552162251092
0.4 Cr 2 0.16 3.56821299610866
0.5 Cr 2 0.115 3.57671910425205
0.4 Cr 2 0.15 3.56849932507392
0.4 Cr 2 0.15 3.56833510058133
0.5 Cr 2 0.115 3.57670480058435
0.1 Cr 2 0.235 3.54538850206067
0.4 Cr 2 0.14 3.56849414985247
0.4 Cr 2 0.15 3.56837438011033
0.5 Cr 2 0.135 3.5765659268468
0.4 Cr 2 0.16 3.56807557425199
0.5 Cr 2 0.115 3.57658213049054
0.5 Cr 2 0.125 3.57634307721089
0.4 Cr 2 0.16 3.56806553355284
0.4 Cr 2 0.16 3.56841849935253
0.4 Cr 2 0.15 3.56834253071226
0.5 Cr 2 0.125 3.57651547417213
0.4 Cr 2 0.16 3.56820362995897
0.5 Cr 2 0.125 3.57635622152051
0.6 Cr 2 0.09 3.58512243531463
0.7 Cr 2 0.065 3.59384238784317
0.5 Cr 2 0.135 3.57625711319254
0.5 Cr 2 0.135 3.57621990569572
0.7 Cr 2 0.065 3.5940227019383
0.5 Cr 2 0.135 3.57611379772932
0.5 Cr 2 0.115 3.57647113056305
0.7 Cr 2 0.075 3.59367185345711
0.6 Cr 2 0.09 3.5851799559115
0.6 Cr 2 0.1 3.5849789191596
0.6 Cr 2 0.09 3.58505308813723
0.7 Cr 2 0.065 3.59400734262605
0.5 Cr 2 0.125 3.57664251313248
0.7 Cr 2 0.085 3.59334351239921
0.9 Ni 1 0.025 3.61137024519693
0.6 Cr 2 0.1 3.58490896155403
0.6 Cr 2 0.09 3.58518498628989
0.8 Cr 2 0.04 3.60268739246283
0.5 Cr 2 0.135 3.57639941452885
0.6 Cr 2 0.11 3.58477054956857
0.6 Cr 2 0.1 3.58487098700543
0.6 Cr 2 0.11 3.58463253099007
0.7 Cr 2 0.065 3.59376521679836
0.7 Cr 2 0.075 3.59348712570248
0.6 Cr 2 0.1 3.58498387723539
0.8 Cr 2 0.05 3.60241465403698
0.9 Ni 1 0.035 3.61071094306189
0.6 Cr 2 0.09 3.58516847233181
0.7 Cr 2 0.075 3.59350424298637
0.7 Cr 2 0.085 3.5935789321662
0.6 Cr 2 0.11 3.58482324186509
0.7 Cr 2 0.065 3.5939372203406
0.6 Cr 2 0.11 3.58454769164683
0.6 Cr 2 0.1 3.58514443986386
0.8 Cr 2 0.04 3.6026308370789
0.9 Cr 2 0.015 3.61143981929443
0.9 Cr 2 0.015 3.61157352668011
0.9 Cr 2 0.015 3.61150897563553
0.7 Cr 2 0.085 3.59330009507345
0.8 Cr 2 0.04 3.60271309870225
0.9 Cr 2 0.015 3.61151454424707
0.6 Cr 2 0.11 3.58473025606176
0.8 Cr 2 0.05 3.60246127907298
0.9 Cr 2 0.025 3.61133483977803
0.7 Cr 2 0.075 3.59371819634879
0.8 Cr 2 0.04 3.60276191906792
0.9 Cr 2 0.025 3.6112837791356
0.8 Cr 2 0.04 3.60268154158838
0.9 Cr 2 0.025 3.61131773480726
0.1 Co 3 0.215 3.54535402886657
0.9 Cr 2 0.035 3.61105426934979
0.8 Cr 2 0.06 3.60222206492017
0.7 Cr 2 0.085 3.59343110481686
0.8 Cr 2 0.05 3.60245685824069
0.9 Cr 2 0.035 3.61099722229248
0.1 Co 3 0.215 3.54532613980784
0.8 Cr 2 0.05 3.60245422148615
0.1 Co 3 0.225 3.54531928039777
0.7 Cr 2 0.075 3.59368089337363
0.2 Co 3 0.19 3.55287288037608
0.1 Co 3 0.225 3.54545239326026
0.8 Cr 2 0.06 3.60221963774738
0.2 Co 3 0.19 3.55263282787819
0.1 Co 3 0.235 3.54570458167926
0.8 Cr 2 0.06 3.60221927595431
0.1 Co 3 0.215 3.5453510895121
0.7 Cr 2 0.085 3.59341513794265
0.8 Cr 2 0.06 3.60212469310362
0.2 Co 3 0.19 3.55263004648839
0.9 Cr 2 0.035 3.61099027578648
0.2 Co 3 0.2 3.55279052801254
0.2 Co 3 0.2 3.55317300530932
0.1 Co 3 0.235 3.54568185286408
0.9 Cr 2 0.015 3.61160023594151
0.3 Co 3 0.165 3.56056329973116
0.1 Co 3 0.215 3.54548663925383
0.2 Co 3 0.19 3.55272046126449
0.2 Co 3 0.21 3.55291589631301
0.3 Co 3 0.175 3.56047159054381
0.1 Co 3 0.215 3.54539532315139
0.3 Co 3 0.165 3.56018650813219
0.2 Co 3 0.2 3.55294017085925
0.2 Co 3 0.21 3.55302283510039
0.1 Co 3 0.225 3.54544149884982
0.9 Cr 2 0.025 3.61134704687561
0.3 Co 3 0.185 3.56060995817199
0.3 Co 3 0.175 3.56035369097526
0.1 Co 3 0.225 3.54555686519813
0.2 Co 3 0.2 3.55292352700911
0.9 Cr 2 0.035 3.61109210991185
0.3 Co 3 0.185 3.56071671217273
0.2 Co 3 0.19 3.55278807123729
0.1 Co 3 0.225 3.54566481909755
0.2 Co 3 0.21 3.55291179002028
0.8 Cr 2 0.05 3.60240138985327
0.1 Co 3 0.235 3.54558234635947
0.3 Co 3 0.165 3.5603840107059
0.9 Cr 2 0.025 3.6112171565466
0.1 Co 3 0.235 3.54544267470542
0.2 Co 3 0.21 3.55301219009713
0.3 Co 3 0.175 3.56052625938307
0.8 Cr 2 0.06 3.60216065206755
0.2 Co 3 0.2 3.55286715841305
0.3 Co 3 0.185 3.56058700962828
0.1 Co 3 0.235 3.54570255279586
0.4 Co 3 0.14 3.56824467892565
0.3 Co 3 0.165 3.56042011058887
0.5 Co 3 0.115 3.57650584880898
0.3 Co 3 0.175 3.56036192967821
0.4 Co 3 0.15 3.56860754069024
0.5 Co 3 0.125 3.57649520957379
0.4 Co 3 0.14 3.56808371611578
0.3 Co 3 0.165 3.56045478571327
0.4 Co 3 0.14 3.56840035779913
0.2 Co 3 0.21 3.55304284329495
0.3 Co 3 0.185 3.56060264540067
0.5 Co 3 0.115 3.57650672719621
0.4 Co 3 0.16 3.56855925950709
0.4 Co 3 0.14 3.56841314468133
0.3 Co 3 0.175 3.56062148388992
0.4 Co 3 0.14 3.56833877483884
0.4 Co 3 0.15 3.56838599574053
0.4 Co 3 0.15 3.56849462979907
0.5 Co 3 0.135 3.57658774446657
0.5 Co 3 0.125 3.57659437786523
0.3 Co 3 0.185 3.56044100866176
0.4 Co 3 0.15 3.56845683988665
0.4 Co 3 0.15 3.56839361591067
0.4 Co 3 0.16 3.56839980806212
0.4 Co 3 0.16 3.56846792422126
0.4 Co 3 0.16 3.56837394043453
0.4 Co 3 0.16 3.56840332678065
0.5 Co 3 0.135 3.57646777809267
0.6 Co 3 0.09 3.58486038319079
0.7 Co 3 0.065 3.59375754963562
0.6 Co 3 0.09 3.58484567620245
0.9 Cr 2 0.035 3.6109920469384
0.6 Co 3 0.09 3.58501987810548
0.7 Co 3 0.075 3.59361759244107
0.6 Co 3 0.1 3.58498374507419
0.6 Co 3 0.09 3.58486055717402
0.7 Co 3 0.065 3.59352293800743
0.6 Co 3 0.1 3.58495093315501
0.5 Co 3 0.115 3.57665386588747
0.7 Co 3 0.065 3.59363152563065
0.5 Co 3 0.115 3.57615395039156
0.6 Co 3 0.1 3.58501541764865
0.7 Co 3 0.085 3.59365314670111
0.7 Co 3 0.065 3.59359311363042
0.6 Co 3 0.11 3.58499065515302
0.6 Co 3 0.1 3.58489013398006
0.5 Co 3 0.125 3.57657241500543
0.7 Co 3 0.065 3.59351174948767
0.5 Co 3 0.115 3.57657009490077
0.6 Co 3 0.11 3.58509088906319
0.5 Co 3 0.125 3.57648969412828
0.7 Co 3 0.075 3.59357736983191
0.5 Co 3 0.135 3.57680417454509
0.7 Co 3 0.075 3.59344484318378
0.5 Co 3 0.125 3.57664738060686
0.5 Co 3 0.135 3.57645994544277
0.8 Co 3 0.04 3.60247586938403
0.9 Co 3 0.015 3.61131319225607
0.6 Co 3 0.09 3.58495721992602
0.8 Co 3 0.04 3.60245563141136
0.7 Co 3 0.085 3.5936965837407
0.6 Co 3 0.11 3.58485532238834
0.9 Co 3 0.025 3.61134548528583
0.5 Co 3 0.135 3.57662893071336
0.7 Co 3 0.075 3.59354559546459
0.8 Co 3 0.04 3.60256033610937
0.8 Co 3 0.04 3.60248797404686
0.7 Co 3 0.075 3.59347174776215
0.9 Co 3 0.015 3.61136786480231
0.6 Co 3 0.11 3.58484032190467
0.8 Co 3 0.05 3.60238135126867
0.8 Co 3 0.04 3.60251543117385
0.9 Co 3 0.015 3.61128485789882
0.8 Co 3 0.05 3.60238443919479
0.6 Co 3 0.1 3.58505051675573
0.9 Co 3 0.035 3.61124161087283
0.7 Co 3 0.085 3.59362736357143
0.8 Co 3 0.06 3.60235201692141
0.9 Co 3 0.015 3.61132259063525
0.7 Co 3 0.085 3.59350974075846
0.8 Co 3 0.05 3.6023408811538
0.9 Co 3 0.025 3.61128250413475
0.8 Co 3 0.06 3.602353974411
0.8 Co 3 0.05 3.60240957279065
0.9 Co 3 0.025 3.61127975726803
0.8 Co 3 0.05 3.60240170901917
0.7 Co 3 0.085 3.59372221030905
0.9 Co 3 0.035 3.61123515441532
0.8 Co 3 0.06 3.60249159859406
0.6 Co 3 0.11 3.58520834576431
0.9 Co 3 0.035 3.61126241577397
0.9 Co 3 0.015 3.61140709831487
0.8 Co 3 0.06 3.60246924941664
0.9 Co 3 0.025 3.61136420519297
0.9 Co 3 0.035 3.61130418214367
0.8 Co 3 0.06 3.60253576786701
0.9 Co 3 0.025 3.61125789768234
0.9 Co 3 0.035 3.61122106603855
0.3 Cu 4 0.29 3.55966568675352
0.3 Cu 4 0.29 3.55959132599535
0.3 Cu 4 0.3 3.56054626869116
0.3 Cu 4 0.3 3.56031580736477
0.3 Cu 4 0.31 3.56118939597312
0.5 Cu 4 0.49 3.57560450019573
0.2 Cu 4 0.19 3.55209358720511
0.3 Cu 4 0.31 3.56123417349323
0.5 Cu 4 0.49 3.57575938447927
0.2 Cu 4 0.2 3.55267742385883
0.2 Cu 4 0.19 3.55219976814206
0.5 Cu 4 0.5 3.57653866133923
0.5 Cu 4 0.5 3.57650795452625
0.2 Cu 4 0.19 3.55197663358294
0.2 Cu 4 0.2 3.55267197067339
0.3 Cu 4 0.29 3.5596523214819
0.5 Cu 4 0.51 3.57751218327987
0.2 Cu 4 0.21 3.55362256276442
0.5 Cu 4 0.49 3.57548949776371
0.5 Cu 4 0.49 3.57578299658585
0.3 Cu 4 0.29 3.55960643452725
0.5 Cu 4 0.51 3.57738342379485
0.2 Cu 4 0.21 3.55354043931999
0.2 Cu 4 0.2 3.55290611072019
0.4 Cu 4 0.39 3.56741833431018
0.3 Cu 4 0.3 3.56042489098013
0.3 Cu 4 0.3 3.56025601857404
0.5 Cu 4 0.5 3.57657535570461
0.2 Cu 4 0.19 3.55210551648766
0.1 Cu 4 0.09 3.54476286974028
0.5 Cu 4 0.49 3.57556213406885
0.3 Cu 4 0.31 3.56125714406701
0.4 Cu 4 0.4 3.56803147934824
0.2 Cu 4 0.21 3.55384588531101
0.3 Cu 4 0.31 3.56097608823648
0.2 Cu 4 0.19 3.55175051540499
0.5 Cu 4 0.5 3.57656958567239
0.1 Cu 4 0.09 3.54463615806291
0.1 Cu 4 0.09 3.54460103308469
0.5 Cu 4 0.51 3.57736611044409
0.2 Cu 4 0.2 3.55266362382717
0.4 Cu 4 0.41 3.56909328056616
0.1 Cu 4 0.1 3.54544180693995
0.5 Cu 4 0.5 3.57639935143322
0.4 Cu 4 0.39 3.56729380739751
0.1 Cu 4 0.09 3.54450543634108
0.2 Cu 4 0.2 3.55280832616199
0.4 Cu 4 0.39 3.56752004082529
0.1 Cu 4 0.1 3.5453812814208
0.5 Cu 4 0.51 3.57723712784973
0.1 Cu 4 0.09 3.54459983159874
0.4 Cu 4 0.39 3.56732203331453
0.1 Cu 4 0.11 3.54607184881638
0.1 Cu 4 0.1 3.54548729329802
0.5 Cu 4 0.51 3.57721362658719
0.4 Cu 4 0.4 3.56846048667551
0.2 Cu 4 0.21 3.55346684268595
0.4 Cu 4 0.4 3.5681070491969
0.4 Cu 4 0.39 3.56758735462147
0.2 Cu 4 0.21 3.55359587275885
0.1 Cu 4 0.1 3.54535757490722
0.1 Cu 4 0.11 3.54602354484487
0.4 Cu 4 0.41 3.56908592494977
0.1 Cu 4 0.11 3.54617727391619
0.4 Cu 4 0.4 3.56827164967937
0.6 Cu 4 0.59 3.58425839168012
0.1 Cu 4 0.1 3.5454113843054
0.1 Cu 4 0.11 3.54609365244357
0.6 Cu 4 0.59 3.58411831569758
0.4 Cu 4 0.4 3.56813436424579
0.3 Cu 4 0.29 3.55986045730785
0.6 Cu 4 0.6 3.58482011909642
0.4 Cu 4 0.41 3.56901764220089
0.1 Cu 4 0.11 3.54603790618903
0.6 Cu 4 0.59 3.58399071494511
0.7 Cu 4 0.69 3.59271528272188
0.7 Cu 4 0.69 3.59283929894643
0.3 Cu 4 0.3 3.56060513559395
0.4 Cu 4 0.41 3.56904328767656
0.4 Cu 4 0.41 3.56890230204465
0.3 Cu 4 0.31 3.5610294968855
0.6 Cu 4 0.6 3.5848755543939
0.7 Cu 4 0.7 3.59350462284753
0.6 Cu 4 0.61 3.58581410791062
0.6 Cu 4 0.6 3.58480024250203
0.6 Cu 4 0.59 3.58415252712354
0.7 Cu 4 0.69 3.59262025164812
0.7 Cu 4 0.69 3.59270030124765
0.6 Cu 4 0.59 3.58425647809891
0.7 Cu 4 0.69 3.59268206992352
0.6 Cu 4 0.61 3.58577464818852
0.7 Cu 4 0.71 3.59454969988118
0.6 Cu 4 0.61 3.58597019936138
0.8 Cu 4 0.79 3.60147397090351
0.7 Cu 4 0.7 3.59358878808105
0.8 Cu 4 0.79 3.60154766255981
0.8 Cu 4 0.79 3.60152985797908
0.6 Cu 4 0.6 3.58476140136418
0.7 Cu 4 0.7 3.59353499241673
0.9 Cu 4 0.89 3.610379989186
0.7 Cu 4 0.71 3.59457131880488
0.7 Cu 4 0.7 3.59369377115707
0.8 Cu 4 0.8 3.60233417334969
0.9 Cu 4 0.89 3.61038774489958
0.6 Cu 4 0.61 3.58556373932457
0.6 Cu 4 0.6 3.58482150448429
0.9 Cu 4 0.9 3.61134379353875
0.7 Cu 4 0.71 3.59438232735147
0.8 Cu 4 0.79 3.60149811038081
0.7 Cu 4 0.7 3.59346948249625
0.7 Cu 4 0.71 3.59435365067235
0.8 Cu 4 0.81 3.60330241199175
0.9 Cu 4 0.91 3.61214414089146
0.9 Cu 4 0.89 3.61032975631749
0.9 Cu 4 0.9 3.61129671999099
0.8 Cu 4 0.79 3.60151852928283
0.8 Cu 4 0.8 3.60234445888709
0.7 Cu 4 0.71 3.59438969156275
0.9 Cu 4 0.89 3.61035113923659
0.8 Cu 4 0.8 3.60239735198982
0.8 Cu 4 0.8 3.60237133764571
0.9 Cu 4 0.9 3.61125219713111
0.8 Cu 4 0.81 3.60329316712655
0.8 Cu 4 0.8 3.60242185946875
0.9 Cu 4 0.91 3.61214315389317
0.6 Cu 4 0.61 3.58593225603517
0.8 Cu 4 0.81 3.60335725977814
0.9 Cu 4 0.89 3.61034831149019
0.9 Cu 4 0.91 3.61213660645845
0.8 Cu 4 0.81 3.60335722864612
0.9 Cu 4 0.9 3.61124182168871
0.8 Cu 4 0.81 3.60333431631682
0.9 Cu 4 0.9 3.61136024073347
0.9 Cu 4 0.91 3.61214251454891
0.9 Cu 4 0.91 3.61218864637199
